0.000000000E0 5.434906126E-1 2.500000000E0
3.333333333E-2 6.234683794E-1 2.269639328E0
6.666666667E-2 6.947999012E-1 1.912981719E0
1.000000000E-1 7.510004941E-1 1.556324111E0
1.333333333E-1 7.985548419E-1 1.296936759E0
1.666666667E-1 8.374629447E-1 9.727025692E-1
2.000000000E-1 8.634016798E-1 6.160449605E-1
2.333333333E-1 8.785326087E-1 3.242341897E-1
2.666666667E-1 8.850172925E-1 3.242341897E-2
3.000000000E-1 8.806941700E-1 -2.593873518E-1
3.333333333E-1 8.677248024E-1 -6.160449605E-1
3.666666667E-1 8.396245059E-1 -1.037549407E0
4.000000000E-1 7.985548419E-1 -1.232089921E0
4.333333333E-1 7.574851779E-1 -1.459053854E0
4.666666667E-1 7.012845850E-1 -1.880558300E0
5.000000000E-1 6.321146245E-1 -2.172369071E0
5.333333333E-1 5.564599802E-1 -2.464179842E0
5.666666667E-1 4.678359684E-1 -2.885684289E0
6.000000000E-1 3.640810277E-1 -3.242341897E0
